12 4
0 17 14 6 18 11 12 11 17 13 21 17 13 
17 0 5 12 12 12 9 8 6 8 4 16 5 
14 5 0 9 9 7 9 7 4 3 8 11 1 
6 12 9 0 16 10 6 5 13 10 16 17 9 
18 12 9 16 0 7 17 15 6 6 11 4 9 
11 12 7 10 7 0 14 11 8 5 14 7 8 
12 9 9 6 17 14 0 2 13 11 13 20 8 
11 8 7 5 15 11 2 0 11 9 12 17 6 
17 6 4 13 6 8 13 11 0 4 6 9 5 
13 8 3 10 6 5 11 9 4 0 9 9 4 
21 4 8 16 11 14 13 12 6 9 0 15 8 
17 16 11 17 4 7 20 17 9 9 15 0 12 
13 5 1 9 9 8 8 6 5 4 8 12 0 
